---
layout: post
title: QR分解
date: 2019-12-15
author: 唐涵
categories: 线性代数
---

[TOC]

## QR Factorization


```python
import numpy as np
```

### Classical Gram-Schmidt (unstable)


```python
def CGS(A):
    """
    Args:
        A: (m x n) matrix with n linearly independent columns
        
    Returns:
        Q: (m x n) matrix with n orthonormal columns
        R: (n x n) upper triangular matrix
    """
    m, n = A.shape
    
    Q = np.zeros(shape=(m, n))
    R = np.zeros(shape=(n, n))
    for j in range(n):
        vj = A[:, j]
        for i in range(j):
            R[i, j] = Q[:, i].T @ A[:, j]
            vj = vj - R[i, j] * Q[:, i]
        R[j, j] = np.linalg.norm(vj)
        Q[:, j] = vj / R[j, j]
    return Q, R

```


```python
A = np.array([[1, 0, 1],
              [2, 0, 0],
              [0, 1, 0],
              [1, -1, 1]], dtype=float)
A
```




    array([[ 1.,  0.,  1.],
           [ 2.,  0.,  0.],
           [ 0.,  1.,  0.],
           [ 1., -1.,  1.]])




```python
Q, R = CGS(A)
```


```python
Q
```




    array([[ 0.40824829,  0.12309149,  0.69631062],
           [ 0.81649658,  0.24618298, -0.52223297],
           [ 0.        ,  0.73854895,  0.34815531],
           [ 0.40824829, -0.61545745,  0.34815531]])




```python
R
```




    array([[ 2.44948974, -0.40824829,  0.81649658],
           [ 0.        ,  1.3540064 , -0.49236596],
           [ 0.        ,  0.        ,  1.04446594]])



#### Compare result from numpy.linalg


```python
np.linalg.qr(A)
```




    (array([[-0.40824829, -0.12309149, -0.69631062],
            [-0.81649658, -0.24618298,  0.52223297],
            [-0.        , -0.73854895, -0.34815531],
            [-0.40824829,  0.61545745, -0.34815531]]),
     array([[-2.44948974,  0.40824829, -0.81649658],
            [ 0.        , -1.3540064 ,  0.49236596],
            [ 0.        ,  0.        , -1.04446594]]))



### Modified Gram-Schmidt (more stable)


```python
def MGS(A):
    """
    Args:
        A: (m x n) matrix with n linearly independent columns
        
    Returns:
        Q: (m x n) matrix with n orthonormal columns
        R: (n x n) upper triangular matrix
    """
    m, n = A.shape
    V = A.copy().astype('float64')  # A's dtype maybe int64, which must be converted to float to avoid implicit conversion of float to integer in line 19
    Q = np.zeros(shape=(m, n))
    R = np.zeros(shape=(n, n))
    for i in range(n):
        R[i, i] = np.linalg.norm(V[:, i])
        Q[:, i] = V[:, i] / R[i, i]
        for j in range(i + 1, n):
            R[i, j] = Q[:, i].T @ V[:, j]
            V[:, j] = V[:, j] - R[i, j] * Q[:, i]  # implicit conversion may occur here if we do not convert dtype to float at first
    return Q, R
    
```


```python
Q, R = MGS(A)
```


```python
Q
```




    array([[ 0.40824829,  0.12309149,  0.69631062],
           [ 0.81649658,  0.24618298, -0.52223297],
           [ 0.        ,  0.73854895,  0.34815531],
           [ 0.40824829, -0.61545745,  0.34815531]])




```python
R
```




    array([[ 2.44948974, -0.40824829,  0.81649658],
           [ 0.        ,  1.3540064 , -0.49236596],
           [ 0.        ,  0.        ,  1.04446594]])



### Householder


```python
def householder_qr(A):
    """
    Args:
        A: (m x n) matrix
        
    Returns:
        Q: (m x m) orthogonal matrix
        R: (m x n) upper triangular matrix with zeros below
    """
    m, n = A.shape
    Q = np.eye(m)
    for k in range(n):
        H = np.eye(m)
        H[k:, k:] = make_householder(A[k:, k])
        Q = Q @ H  # Identity updates to Q
        A = H @ A  # A updates to R
    return Q, A

def make_householder(a):
    """
    Constructs the Householder matrix, given the column which we want to mirror to the e1 axis.
    Args:
        a: the column vector we want to mirror
        
    Returns:
        H: the Householder matrix
    """
    e1 = np.zeros(a.size)
    e1[0] = 1.0
    v = sign(a[0]) * np.linalg.norm(a) * e1 + a
    v = v / np.linalg.norm(v)
    v = v.reshape((a.size, -1))  # make v a column vector instead of a numpy array so that the '@' operator applies
    H = np.eye(a.size) - 2 * v @ v.T
    return H

def sign(x):
    """
    Returns 1 if x >= 0, -1 otherwise.
    """
    sign = 1
    if x < 0:
        sign = -1
    return sign
```


```python
Q, R = householder_qr(A)
```


```python
Q
```




    array([[-4.08248290e-01, -1.23091491e-01, -6.96310624e-01,
            -5.77350269e-01],
           [-8.16496581e-01, -2.46182982e-01,  5.22232968e-01,
            -5.55111512e-17],
           [ 0.00000000e+00, -7.38548946e-01, -3.48155312e-01,
             5.77350269e-01],
           [-4.08248290e-01,  6.15457455e-01, -3.48155312e-01,
             5.77350269e-01]])




```python
R
```




    array([[-2.44948974e+00,  4.08248290e-01, -8.16496581e-01],
           [ 2.20794948e-17, -1.35400640e+00,  4.92365964e-01],
           [-3.00282564e-16, -1.03279116e-16, -1.04446594e+00],
           [-1.52833015e-16,  4.07354380e-17,  0.00000000e+00]])



### Stability


```python
epsilon = 1.0e-16
M = np.array([[      1,       1,       1],
              [epsilon,       0,       0],
              [      0, epsilon,       0],
              [      0,       0, epsilon]])
```


```python
M
```




    array([[1.e+00, 1.e+00, 1.e+00],
           [1.e-16, 0.e+00, 0.e+00],
           [0.e+00, 1.e-16, 0.e+00],
           [0.e+00, 0.e+00, 1.e-16]])




```python
Q, R = CGS(M)
```


```python
Q.T @ Q
```




    array([[ 1.00000000e+00, -7.07106781e-17, -7.07106781e-17],
           [-7.07106781e-17,  1.00000000e+00,  5.00000000e-01],
           [-7.07106781e-17,  5.00000000e-01,  1.00000000e+00]])




```python
np.isclose(Q.T @ Q, np.eye(3)) # columns of Q are not orthonormal!
```




    array([[ True,  True,  True],
           [ True,  True, False],
           [ True, False,  True]])




```python
Q, R = MGS(M)
```


```python
Q
```




    array([[ 1.00000000e+00,  0.00000000e+00,  0.00000000e+00],
           [ 1.00000000e-16, -7.07106781e-01, -4.08248290e-01],
           [ 0.00000000e+00,  7.07106781e-01, -4.08248290e-01],
           [ 0.00000000e+00,  0.00000000e+00,  8.16496581e-01]])




```python
R
```




    array([[1.00000000e+00, 1.00000000e+00, 1.00000000e+00],
           [0.00000000e+00, 1.41421356e-16, 7.07106781e-17],
           [0.00000000e+00, 0.00000000e+00, 1.22474487e-16]])




```python
np.isclose(Q.T @ Q, np.eye(3))  # columns of Q are orthonormal!
```




    array([[ True,  True,  True],
           [ True,  True,  True],
           [ True,  True,  True]])




```python
Q, R = householder_qr(M)
```


```python
Q
```




    array([[-1.00000000e+00,  7.07106781e-17,  4.08248290e-17,
            -5.77350269e-17],
           [-1.00000000e-16, -7.07106781e-01, -4.08248290e-01,
             5.77350269e-01],
           [ 0.00000000e+00,  7.07106781e-01, -4.08248290e-01,
             5.77350269e-01],
           [ 0.00000000e+00,  0.00000000e+00,  8.16496581e-01,
             5.77350269e-01]])




```python
R
```




    array([[-1.00000000e+00, -1.00000000e+00, -1.00000000e+00],
           [ 0.00000000e+00,  1.41421356e-16,  7.07106781e-17],
           [ 0.00000000e+00,  1.42327830e-32,  1.22474487e-16],
           [ 0.00000000e+00, -2.01281947e-32, -1.23259516e-32]])




```python
np.isclose(Q.T @ Q, np.eye(4))  # Q is orthogonal matrix
```




    array([[ True,  True,  True,  True],
           [ True,  True,  True,  True],
           [ True,  True,  True,  True],
           [ True,  True,  True,  True]])




```python

```
